              precision    recall  f1-score   support

           0       0.29      0.02      0.03       259
           1       0.00      0.00      0.00        44
           2       0.00      0.00      0.00         7
           4       0.00      0.00      0.00         1
           5       0.23      0.08      0.11       290
           7       0.00      0.00      0.00         5
           8       0.00      0.00      0.00        96
          10       0.00      0.00      0.00       111
          11       0.00      0.00      0.00        77
          12       0.00      0.00      0.00         1
          13       0.33      0.83      0.47       622
          14       0.33      0.22      0.26       441
          16       0.00      0.00      0.00         8
          17       0.00      0.00      0.00        38

    accuracy                           0.32      2000
   macro avg       0.08      0.08      0.06      2000
weighted avg       0.24      0.32      0.22      2000
weighted avg       0.29      0.32      0.22      2000
